139 0 0 0 0
0 10014 100 400 3
0 10003 100 401 3
0 10013 100 404 0
0 10014 100 404 1
0 10015 100 404 1
0 10016 100 404 2
0 10004 100 405 0
0 10003 100 405 1
0 10002 100 405 1
0 10001 100 405 2
0 10055 100 406 3
0 10056 100 407 3
0 10005 100 408 3
0 10012 100 409 3
0 10006 150 410 0
0 10007 150 410 1
0 10008 150 410 2
0 10011 150 411 0
0 10010 150 411 1
0 10009 150 411 2
0 10049 150 412 0
0 10033 150 412 1
0 10034 150 412 2
0 10050 150 413 0
0 10048 150 413 1
0 10047 150 413 2
0 10051 150 414 0
0 10052 150 414 1
0 10053 150 414 1
0 10054 150 414 1
0 10055 150 414 2
0 10027 150 415 0
0 10028 150 415 2
0 10020 150 416 0
0 10021 150 416 2
0 10020 150 417 0
0 10019 150 417 2
0 10029 150 418 0
0 10030 150 418 2
0 10019 150 419 3
0 10028 150 420 3
0 10030 150 421 3
0 10021 150 422 3
0 10043 150 423 0
0 10042 150 423 1
0 10041 150 423 2
0 10038 150 424 0
0 10039 150 424 1
0 10040 150 424 2
0 10035 150 425 0
0 10036 150 425 1
0 10037 150 425 2
0 10046 150 426 0
0 10045 150 426 1
0 10044 150 426 2
0 10032 150 427 3
0 10017 150 428 3
10 20001 100 601 3
20 20002 100 602 3
30 4001 100 603 0
30 4002 100 603 2
40 5001 150 701 0
40 5002 150 701 1
40 5003 150 701 2
40 5004 150 702 0
40 5005 150 702 1
40 5006 150 702 2
40 5010 150 703 0
40 5010 150 703 1
40 5010 150 703 2
40 5007 150 704 0
40 5008 150 704 1
40 5009 150 704 2
50 8001 100 801 3
50 8002 100 802 3
50 8003 100 803 3
60 9000 100 900 3
60 9001 100 901 3
60 9002 100 902 3
60 9003 100 903 3
60 9004 100 904 0
60 9005 100 904 1
60 9006 100 904 1
60 9007 100 904 2
60 9010 100 905 0
60 9009 100 905 1
60 9008 100 905 2
60 9011 100 906 3
60 9012 100 907 3
60 9013 100 908 3
70 11000 100 1100 3
70 11001 100 1100 3
80 15001 100 15001 0
80 15002 100 15002 2
90 16003 100 16001 0
90 16002 100 16001 1
90 16001 100 16001 2
90 16004 100 16002 0
90 16005 100 16002 1
90 16006 100 16002 2
100 9001 100 903 0
100 9002 100 903 2
110 21001 100 2103 0
110 21002 100 2103 2
110 21003 100 2104 0
110 21004 100 2104 2
120 12001 100 1201 3
120 12004 100 1202 0
120 12002 100 1202 1
120 12003 100 1202 2
120 12004 100 1203 3
120 12005 100 1204 0
120 12007 100 1204 1
120 12006 100 1204 2
120 12005 100 1205 3
170 13001 100 1301 3
170 13002 100 1302 0
170 13003 100 1302 2
170 13003 100 1303 3
130 18001 100 1803 0
130 18002 100 1803 1
130 18003 100 1803 2
130 18004 100 1804 0
130 18005 100 1804 1
130 18006 100 1804 2
140 170001 100 1701 3
150 19003 100 1903 0
150 19002 100 1903 2
150 19004 100 1904 0
150 19005 100 1904 2
150 19003 100 1905 3
150 19004 100 1906 3
150 19001 100 1907 3
150 19006 100 1908 3
180 20001 100 2001 3
180 20001 100 2002 3