38 0 0 0 0 0 0 
100001 25 172 0 0 0 0 
100001 90 140 0 0 0 0 
100001 150 172 0 0 0 0 
100001 210 140 0 0 0 0 
100001 608 156 0 0 0 0 
100002 88 170 0 0 0 0 
100002 218 170 0 0 0 0 
100002 347 170 0 0 0 0 
100003 1 210 198 3 0 0
100003 1 420 198 3 0 0
100004 3 130 135 4 4 0
100004 3 345 135 4 4 0
100005 1 140 198 0 0 0 
100005 1 140 190 0 0 0 
100005 1 130 130 0 0 0 
100005 1 210 190 0 0 0
100005 1 130 125 0 0 0 
100005 1 420 190 0 0 0 
100005 1 345 125 0 0 0
100005 1 370 198 0 0 0  
100006 1 400 100 80 0 0
100006 1 500 100 150 0 0 
100006 1 800 100 180 0 0 
100007 1 248 124 0 0 0  
