40 0 0 0 0 0 0 0
100001 25 172 0 0 0 0 
100001 90 140 0 0 0 0
100001 150 172 0 0 0 0
100001 210 140 0 0 0 0
100001 550 140 0 0 0 0
100002 88 170 0 0 0 0
100002 218 170 0 0 0 0
100002 348 170 0 0 0 0
100003 2 580 198 1 2 0
100003 2 580 190 1 2 0
100004 3 840 105 4 4 0
100004 1 670 135 2 2 1
100004 1 732 105 2 2 0  
100005 1 540 198 0 0 0
100005 1 620 198 0 0 0
100005 1 770 105 0 0 0 
100005 1 800 105 0 0 0
100005 1 700 198 0 0 0
100005 1 670 130 0 0 0
100006 950 124 0 2 0 0
100007 1 1480 62 10 0 0
100008 1 900 198 20 0 0