100 0 0 0 0 0 0
100003 1 95 84 3 0 0
100003 0 410 115 3 0 0
100005 1 95 89 0 0 0
100005 1 113 84 0 0 0 
100005 1 113 89 0 0 0
100005 0 140 120 0 0 0
100005 0 140 115 0 0 0
100005 0 40 120 0 0 0
100005 0 40 115 0 0 0
100005 0 355 115 0 0 0  
100005 0 355 120 0 0 0         
100005 0 410 120 0 0 0
100005 1 473 150 0 0 0 
100005 1 485 150 0 0 0
100005 1 473 145 0 0 0 
100005 1 485 145 0 0 0
100008 1 180 120 10 0 0
100008 1 330 120 20 0 0
100008 1 260 120 300 0 0
100009 1 150 250 1 100 0 
100009 1 50 250 1 100 0
100009 1 380 250 2 380 0
100009 1 420 250 2 380 0
100009 1 230 250 3 0 0
100009 1 290 250 3 0 0
100011 1 40 30 35 0 0
100011 1 340 30 30 0 0
100013 1 -35 120 50 0 0  
100013 1 180 120 50 0 0 
100013 1 310 120 50 0 0 
100013 1 450 120 50 0 0 