80 0 0 0 0 0
10 20001 0 0 31 31
20 20002 0 0 16 2
30 4001 0 0 17 31
30 4002 27 0 44 31
40 5001 4 6 68 38
40 5002 88 6 151 38
40 5003 175 6 239 38
40 5004 431 6 495 38
40 5005 348 6 411 38
40 5006 260 6 324 38
40 5007 431 93 495 121
40 5008 348 93 411 121
40 5009 260 93 336 121
40 5010 4 93 82 121
40 5011 88 93 165 121
40 5012 178 93 242 121
50 8001 0 0 49 26 
50 8002 50 0 54 8
50 8003 61 0 65 8
60 9000 43 43 61 59
60 9001 125 39 134 47
60 9002 124 59 136 69
60 9003 176 40 194 49
60 9004 225 40 240 53
60 9005 225 62 240 77
60 9006 225 89 240 103
60 9007 225 113 240 127
60 9008 264 39 280 53
60 9009 290 39 305 53
60 9010 316 39 330 53
60 9011 379 43 392 58
60 9012 379 68 392 83
60 9013 379 92 392 107
70 11000 177 40 194 48
70 11001 177 60 194 69
80 15001 0 0 8 19
80 15002 12 0 23 23
90 16001 0 130 30 160
90 16002 30 130 60 160
90 16003 60 130 90 160
90 16004 0 165 30 195
90 16005 30 165 60 195
90 16006 60 165 90 195
100 9001 0 0 8 15
100 9002 8 0 16 15
110 21001 0 0, 17, 31
110 21002 17 0 34 31
110 21003 33 0 50 31
110 21004 53 0 68 31
120 12001 0 0 32 16
120 12002 32 0 64 16
120 12003 64 0 96 16
120 12004 96 0 128 16
120 12005 128 0 160 16
120 12006 160 0 192 16
120 12007 192 0 224 16
170 13001 0 0 10 48
170 13002 22 0 40 48
170 13003 48 0 88 48
130 18001 48 0 64 16
130 18002 32 0 48 16
130 18003 16 0 32 16
130 18004 64 0 80 16
130 18005 80 0 96 16
130 18006 96 0 112 16
140 170001 0 0 62 94
150 19001 0 0 16 32
150 19002 16 0 32 32
150 19003 32 0 48 32
150 19004 48 0 64 32
150 19005 64 0 80 32
150 19006 80 0 96 32
180 20001 0 0 7 5
180 20002 7 0 13 5